% impute_compare2(5.000000e-01,2.500000e-01,5.000000e-03,9,100);

e9 = ...
[0.00404,   0.01574,   0.01975; ...
0.00347,   0.02457,   0.01087; ...
0.00402,   0.01004,   0.00779; ...
0.00338,   0.01035,   0.00732; ...
0.00448,   0.60568,   0.01350; ...
0.00431,   0.64078,   0.01640; ...
0.00427,   0.01766,   0.01046; ...
0.00330,   0.04096,   0.01081; ...
0.00423,   0.14820,   0.02192; ...
0.00417,   0.01584,   0.00766; ...
0.00526,   0.02129,   0.00924; ...
0.00401,   0.00968,   0.01629; ...
0.00402,   0.12533,   0.01393; ...
0.00394,   0.01625,   0.01897; ...
0.00348,   0.01818,   0.00930; ...
0.00379,   0.01860,   0.01274; ...
0.00385,   0.02309,   0.00648; ...
0.00390,   0.02803,   0.00864; ...
0.00455,   0.02564,   0.01450; ...
0.00443,   0.01500,   0.01035; ...
0.00454,   0.09493,   0.01209; ...
0.00280,   0.01255,   0.00871; ...
0.00358,   0.05901,   0.01062; ...
0.00446,   0.02749,   0.00876; ...
0.00340,   0.01329,   0.00571; ...
0.00420,   0.05946,   0.06914; ...
0.00430,   0.01710,   0.01300; ...
0.00523,   0.02055,   0.00976; ...
0.00372,   0.01394,   0.00970; ...
0.00413,   0.11333,   0.02173; ...
0.00442,   0.05434,   0.00936; ...
0.00429,   0.01746,   0.00867; ...
0.00384,   0.01037,   0.00954; ...
0.00382,   0.02385,   0.00834; ...
0.00407,   0.02074,   0.01421; ...
0.00458,   0.03912,   0.01115; ...
0.00419,   0.06461,   0.03821; ...
0.00418,   0.01742,   0.02021; ...
0.00389,   0.93128,   0.02967; ...
0.00377,   0.11923,   0.00909; ...
0.00368,   0.03295,   0.02123; ...
0.00450,   0.01208,   0.01273; ...
0.00369,   0.08651,   0.01638; ...
0.00432,   0.01663,   0.00924; ...
0.00371,   0.01453,   0.01136; ...
0.00386,   0.04316,   0.00718; ...
0.00430,   0.06185,   0.01993; ...
0.00404,   0.01124,   0.01503; ...
0.00399,   0.01945,   0.01230; ...
0.00403,   0.01512,   0.00809; ...
0.00538,   0.13918,   0.01961; ...
0.00417,   0.27438,   0.01309; ...
0.00380,   0.02829,   0.00892; ...
0.00351,   0.02070,   0.00633; ...
0.00336,   0.00901,   0.00770; ...
0.00390,   0.02076,   0.00970; ...
0.00393,   0.32273,   0.02975; ...
0.00400,   0.02091,   0.01054; ...
0.00482,   0.02032,   0.00809; ...
0.00357,   0.34226,   0.01980; ...
0.00356,   0.50815,   0.01057; ...
0.00460,   0.08891,   0.01180; ...
0.00344,   0.01179,   0.01797; ...
0.00385,   0.02995,   0.01370; ...
0.00404,   0.06026,   0.01374; ...
0.00472,   0.01678,   0.00872; ...
0.00415,   0.01426,   0.00884; ...
0.00391,   0.25527,   0.01331; ...
0.00430,   0.02052,   0.00737; ...
0.00430,   0.02203,   0.01677; ...
0.00409,   0.11921,   0.03207; ...
0.00442,   0.27564,   0.03074; ...
0.00311,   0.00968,   0.00817; ...
0.00378,   0.01903,   0.00979; ...
0.00370,   0.01588,   0.01024; ...
0.00399,   0.08483,   0.01070; ...
0.00425,   0.05486,   0.01003; ...
0.00445,   0.02090,   0.01037; ...
0.00375,   0.01569,   0.01152; ...
0.00416,   0.16038,   0.01303; ...
0.00493,   1.65631,   0.01762; ...
0.00383,   0.01253,   0.00709; ...
0.00441,   0.01364,   0.00989; ...
0.00447,   0.03769,   0.03313; ...
0.00430,   0.14068,   0.01140; ...
0.00431,   0.02292,   0.02162; ...
0.00448,   0.02446,   0.01304; ...
0.00486,   0.04926,   0.02455; ...
0.00400,   0.01228,   0.00988; ...
0.00438,   3.07866,   0.01062; ...
0.00440,   0.03374,   0.01294; ...
0.00439,   0.01375,   0.02310; ...
0.00383,   0.01618,   0.01007; ...
0.00382,   0.56515,   0.01355; ...
0.00512,   0.02436,   0.02020; ...
0.00406,   0.49069,   0.01065; ...
0.00471,   0.27056,   0.01902; ...
0.00370,   0.02365,   0.01023; ...
0.00322,   0.01124,   0.00724; ...
0.00457,   0.06839,   0.01762; ...
]

a9 = ...
[0.00093,   0.00737,   0.00436; ...
0.00183,   0.01327,   0.00756; ...
0.00096,   0.00400,   0.00314; ...
0.00217,   0.00654,   0.00414; ...
0.00218,   0.49980,   0.00541; ...
0.00141,   1.14243,   0.01490; ...
0.00212,   0.00922,   0.00510; ...
0.00254,   0.03270,   0.00617; ...
0.00146,   0.11301,   0.02216; ...
0.00155,   0.00819,   0.00387; ...
0.00127,   0.01092,   0.00404; ...
0.00159,   0.00370,   0.00879; ...
0.00146,   0.08461,   0.02665; ...
0.00141,   0.00881,   0.00561; ...
0.00146,   0.01456,   0.00485; ...
0.00118,   0.01098,   0.01383; ...
0.00104,   0.01397,   0.00296; ...
0.00126,   0.01469,   0.00318; ...
0.00114,   0.01703,   0.01243; ...
0.00139,   0.00475,   0.00290; ...
0.00143,   0.05028,   0.01236; ...
0.00118,   0.00594,   0.00245; ...
0.00155,   0.04048,   0.00996; ...
0.00157,   0.01454,   0.00397; ...
0.00073,   0.00763,   0.00235; ...
0.00179,   0.02684,   0.06603; ...
0.00151,   0.00770,   0.00869; ...
0.00175,   0.01357,   0.00427; ...
0.00118,   0.00652,   0.00473; ...
0.00117,   0.09876,   0.01480; ...
0.00190,   0.03430,   0.00413; ...
0.00255,   0.01012,   0.00460; ...
0.00143,   0.00417,   0.00334; ...
0.00150,   0.01591,   0.00531; ...
0.00180,   0.01335,   0.01049; ...
0.00209,   0.02565,   0.00580; ...
0.00176,   0.03191,   0.23943; ...
0.00164,   0.00938,   0.00724; ...
0.00217,   0.68846,   0.07530; ...
0.00173,   0.05284,   0.00667; ...
0.00106,   0.02249,   0.01496; ...
0.00228,   0.00633,   0.00761; ...
0.00161,   0.09033,   0.01268; ...
0.00172,   0.00905,   0.00427; ...
0.00130,   0.00825,   0.00887; ...
0.00117,   0.02283,   0.00397; ...
0.00142,   0.04298,   0.00542; ...
0.00123,   0.00486,   0.00864; ...
0.00161,   0.00881,   0.00645; ...
0.00120,   0.00989,   0.00475; ...
0.00212,   0.13594,   0.01923; ...
0.00224,   0.35353,   0.00887; ...
0.00160,   0.01399,   0.00455; ...
0.00184,   0.01068,   0.00316; ...
0.00168,   0.00613,   0.00496; ...
0.00186,   0.01134,   0.00506; ...
0.00203,   0.36653,   0.10140; ...
0.00203,   0.01007,   0.00267; ...
0.00130,   0.00990,   0.00586; ...
0.00147,   0.19440,   0.02124; ...
0.00240,   0.85982,   0.01064; ...
0.00176,   0.05394,   0.00294; ...
0.00149,   0.00569,   0.01251; ...
0.00113,   0.01784,   0.01910; ...
0.00226,   0.03226,   0.03595; ...
0.00132,   0.00871,   0.00363; ...
0.00123,   0.00885,   0.00351; ...
0.00286,   0.17414,   0.01159; ...
0.00091,   0.00828,   0.00283; ...
0.00127,   0.01409,   0.00958; ...
0.00202,   0.08527,   0.04185; ...
0.00134,   0.18754,   0.03891; ...
0.00119,   0.00352,   0.00263; ...
0.00198,   0.01310,   0.00411; ...
0.00097,   0.00904,   0.00420; ...
0.00109,   0.09274,   0.00879; ...
0.00126,   0.04957,   0.00356; ...
0.00185,   0.01180,   0.00468; ...
0.00120,   0.00604,   0.01014; ...
0.00147,   0.11593,   0.01012; ...
0.00089,   2.41755,   0.04519; ...
0.00202,   0.00821,   0.00299; ...
0.00140,   0.00665,   0.00337; ...
0.00177,   0.02006,   0.06090; ...
0.00113,   0.09433,   0.00904; ...
0.00132,   0.01981,   0.03089; ...
0.00118,   0.01240,   0.00473; ...
0.00085,   0.02885,   0.00468; ...
0.00141,   0.00553,   0.00381; ...
0.00173,   1.86381,   0.01163; ...
0.00224,   0.01737,   0.00589; ...
0.00126,   0.00625,   0.01150; ...
0.00131,   0.00796,   0.00307; ...
0.00204,   0.40866,   0.01060; ...
0.00118,   0.01545,   0.02292; ...
0.00152,   0.37867,   0.01099; ...
0.00181,   0.18820,   0.00353; ...
0.00098,   0.01029,   0.00405; ...
0.00139,   0.00476,   0.00267; ...
0.00138,   0.05966,   0.00674; ...
]

